# generated by pk/render/oracle/run_blur_kernel.sh
# qt=5.15.7
# backend=Qt5Gui
KERNEL motion_a0_l1 shape=3x1 sum=509 values=127,255,127
KERNEL motion_a0_l2 shape=3x1 sum=765 values=255,255,255
KERNEL motion_a0_l3 shape=5x1 sum=1019 values=127,255,255,255,127
KERNEL motion_a0_l5 shape=7x1 sum=1529 values=127,255,255,255,255,255,127
KERNEL motion_a0_l8 shape=9x1 sum=2295 values=255,255,255,255,255,255,255,255,255
KERNEL motion_a0_l12 shape=13x1 sum=3315 values=255,255,255,255,255,255,255,255,255,255,255,255,255
KERNEL motion_a30_l1 shape=3x3 sum=472 values=31,0,0,79,180,13,0,75,94
KERNEL motion_a30_l2 shape=3x3 sum=695 values=192,72,0,30,183,155,0,0,63
KERNEL motion_a30_l3 shape=5x3 sum=886 values=68,72,0,0,0,11,183,181,34,0,0,0,74,221,42
KERNEL motion_a30_l5 shape=7x5 sum=1356 values=19,0,0,0,0,0,0,24,220,72,0,0,0,0,0,35,183,180,33,0,0,0,0,0,75,222,141,0,0,0,0,0,0,114,38
KERNEL motion_a30_l8 shape=9x5 sum=1941 values=117,112,0,0,0,0,0,0,0,0,143,220,72,0,0,0,0,0,0,0,35,183,180,32,0,0,0,0,0,0,0,75,223,141,0,0,0,0,0,0,0,0,114,249,45
KERNEL motion_a30_l12 shape=13x7 sum=2813 values=43,152,4,0,0,0,0,0,0,0,0,0,0,0,103,251,112,0,0,0,0,0,0,0,0,0,0,0,0,143,220,72,0,0,0,0,0,0,0,0,0,0,0,35,183,180,33,0,0,0,0,0,0,0,0,0,0,0,75,222,141,0,0,0,0,0,0,0,0,0,0,0,0,114,249,101,0,0,0,0,0,0,0,0,0,0,0,6,154,209,11
KERNEL motion_a45_l1 shape=3x3 sum=389 values=45,0,0,46,127,0,0,128,43
KERNEL motion_a45_l2 shape=3x3 sum=526 values=92,127,0,0,128,89,0,0,90
KERNEL motion_a45_l3 shape=5x5 sum=785 values=7,0,0,0,0,8,127,0,0,0,0,128,127,0,0,0,0,128,127,0,0,0,0,128,5
KERNEL motion_a45_l5 shape=5x5 sum=1060 values=100,127,0,0,0,0,128,127,0,0,0,0,128,127,0,0,0,0,128,97,0,0,0,0,98
KERNEL motion_a45_l8 shape=7x7 sum=1594 values=108,127,0,0,0,0,0,0,128,127,0,0,0,0,0,0,128,127,0,0,0,0,0,0,128,127,0,0,0,0,0,0,128,127,0,0,0,0,0,0,128,105,0,0,0,0,0,0,106
KERNEL motion_a45_l12 shape=11x11 sum=2387 values=31,0,0,0,0,0,0,0,0,0,0,32,127,0,0,0,0,0,0,0,0,0,0,128,127,0,0,0,0,0,0,0,0,0,0,128,127,0,0,0,0,0,0,0,0,0,0,128,127,0,0,0,0,0,0,0,0,0,0,128,127,0,0,0,0,0,0,0,0,0,0,128,127,0,0,0,0,0,0,0,0,0,0,128,127,0,0,0,0,0,0,0,0,0,0,128,127,0,0,0,0,0,0,0,0,0,0,128,127,0,0,0,0,0,0,0,0,0,0,128,29
KERNEL motion_a90_l1 shape=3x3 sum=509 values=0,127,0,0,255,0,0,127,0
KERNEL motion_a90_l2 shape=3x3 sum=765 values=0,255,0,0,255,0,0,255,0
KERNEL motion_a90_l3 shape=3x5 sum=1019 values=0,127,0,0,255,0,0,255,0,0,255,0,0,127,0
KERNEL motion_a90_l5 shape=3x7 sum=1529 values=1,126,0,3,252,0,2,253,0,1,254,0,0,255,0,0,255,0,0,127,0
KERNEL motion_a90_l8 shape=3x9 sum=2295 values=4,251,0,3,252,0,3,252,0,2,253,0,2,253,0,1,254,0,1,254,0,0,255,0,0,255,0
KERNEL motion_a90_l12 shape=3x13 sum=3315 values=4,251,0,3,252,0,3,252,0,3,252,0,2,253,0,2,253,0,2,253,0,1,254,0,1,254,0,1,254,0,0,255,0,0,255,0,0,255,0
KERNEL motion_a135_l1 shape=3x3 sum=388 values=0,131,42,47,124,0,44,0,0
KERNEL motion_a135_l2 shape=3x3 sum=528 values=0,0,92,0,131,87,94,124,0
KERNEL motion_a135_l3 shape=5x5 sum=785 values=0,0,0,131,5,0,0,131,124,0,0,131,124,0,0,8,124,0,0,0,7,0,0,0,0
KERNEL motion_a135_l5 shape=5x5 sum=1061 values=0,0,0,0,100,0,0,0,131,94,0,0,131,124,0,0,131,124,0,0,102,124,0,0,0
KERNEL motion_a135_l8 shape=7x7 sum=1595 values=0,0,0,0,0,0,108,0,0,0,0,0,131,102,0,0,0,0,131,124,0,0,0,0,131,124,0,0,0,0,131,124,0,0,0,0,131,124,0,0,0,0,110,124,0,0,0,0,0
KERNEL motion_a135_l12 shape=11x11 sum=2387 values=0,0,0,0,0,0,0,0,0,131,29,0,0,0,0,0,0,0,0,131,124,0,0,0,0,0,0,0,0,131,124,0,0,0,0,0,0,0,0,131,124,0,0,0,0,0,0,0,0,131,124,0,0,0,0,0,0,0,0,131,124,0,0,0,0,0,0,0,0,131,124,0,0,0,0,0,0,0,0,131,124,0,0,0,0,0,0,0,0,131,124,0,0,0,0,0,0,0,0,32,124,0,0,0,0,0,0,0,0,0,31,0,0,0,0,0,0,0,0,0,0
KERNEL motion_a180_l1 shape=3x3 sum=509 values=0,0,0,127,255,127,0,0,0
KERNEL motion_a180_l2 shape=3x3 sum=765 values=0,0,2,254,255,253,1,0,0
KERNEL motion_a180_l3 shape=5x3 sum=1019 values=0,1,2,3,2,127,254,253,252,125,0,0,0,0,0
KERNEL motion_a180_l5 shape=7x3 sum=1529 values=0,0,1,2,3,3,2,127,255,254,253,252,252,125,0,0,0,0,0,0,0
KERNEL motion_a180_l8 shape=9x3 sum=2295 values=0,0,0,1,1,2,2,3,3,255,255,255,254,254,253,253,252,252,0,0,0,0,0,0,0,0,0
KERNEL motion_a180_l12 shape=13x3 sum=3315 values=0,0,0,0,1,1,1,2,2,2,3,3,3,255,255,255,255,254,254,254,253,253,253,252,252,252,0,0,0,0,0,0,0,0,0,0,0,0,0
KERNEL motion_a270_l1 shape=3x3 sum=509 values=0,127,0,0,255,0,0,127,0
KERNEL motion_a270_l2 shape=3x3 sum=765 values=4,251,0,2,253,0,0,255,0
KERNEL motion_a270_l3 shape=3x5 sum=1019 values=1,126,0,2,253,0,1,254,0,0,255,0,0,127,0
KERNEL motion_a270_l5 shape=3x7 sum=1529 values=1,126,0,3,252,0,2,253,0,1,254,0,0,255,0,0,255,0,0,127,0
KERNEL motion_a270_l8 shape=3x9 sum=2295 values=4,251,0,3,252,0,3,252,0,2,253,0,2,253,0,1,254,0,1,254,0,0,255,0,0,255,0
KERNEL motion_a270_l12 shape=3x13 sum=3315 values=4,251,0,3,252,0,3,252,0,3,252,0,2,253,0,2,253,0,2,253,0,1,254,0,1,254,0,1,254,0,0,255,0,0,255,0,0,255,0
KERNEL lens_Triangle_r1_rot0 shape=2x2 sum=42 values=18,16,5,3
KERNEL lens_Triangle_r1_rot17 shape=2x2 sum=44 values=9,13,3,19
KERNEL lens_Triangle_r1_rot45 shape=2x2 sum=49 values=13,12,9,15
KERNEL lens_Triangle_r1_rot90 shape=2x2 sum=41 values=18,5,15,3
KERNEL lens_Triangle_r2_rot0 shape=4x4 sum=445 values=19,14,0,0,127,161,4,0,84,13,11,0,12,0,0,0
KERNEL lens_Triangle_r2_rot17 shape=4x4 sum=461 values=13,2,0,0,5,221,10,0,34,114,40,8,12,2,0,0
KERNEL lens_Triangle_r2_rot45 shape=4x4 sum=456 values=0,17,7,0,17,129,75,0,5,75,97,12,0,0,12,10
KERNEL lens_Triangle_r2_rot90 shape=4x4 sum=447 values=19,127,85,13,14,161,13,0,0,4,11,0,0,0,0,0
KERNEL lens_Triangle_r5_rot0 shape=8x10 sum=5611 values=19,15,0,0,0,0,0,0,127,159,8,9,0,0,0,0,127,255,255,112,10,2,0,0,127,255,255,255,231,68,16,0,127,255,255,255,255,251,67,13,127,255,255,255,137,2,5,0,127,255,182,22,12,0,0,0,111,58,16,0,0,0,0,0,8,1,0,0,0,0,0,0,0,0,0,0,0,0,0,0
KERNEL lens_Triangle_r5_rot17 shape=9x9 sum=5590 values=0,0,8,15,0,0,0,0,0,0,2,101,94,13,0,0,0,0,0,16,187,255,75,10,0,0,0,0,5,255,255,255,58,7,0,0,0,75,255,255,255,255,42,5,0,14,166,255,255,255,255,255,28,3,5,244,255,248,189,127,55,6,13,34,104,36,3,16,4,0,0,0,11,1,0,0,0,0,0,0,0
KERNEL lens_Triangle_r5_rot45 shape=9x9 sum=5720 values=0,0,0,0,0,8,16,0,0,0,0,0,0,11,226,2,0,0,0,0,0,11,226,255,57,0,0,0,0,11,226,255,255,140,8,0,0,11,226,255,255,255,210,15,0,8,226,255,255,255,255,255,13,0,14,2,57,140,210,255,255,79,0,0,0,0,8,15,13,79,100,12,0,0,0,0,0,0,0,13,12
KERNEL lens_Triangle_r5_rot90 shape=10x8 sum=5612 values=19,127,127,127,127,127,127,111,8,0,15,159,255,255,255,255,255,58,1,0,0,8,255,255,255,255,182,16,0,0,0,9,113,255,255,255,22,0,0,0,0,0,10,231,255,137,12,0,0,0,0,0,2,68,251,2,0,0,0,0,0,0,0,16,67,5,0,0,0,0,0,0,0,0,13,0,0,0,0,0
KERNEL lens_Triangle_r9_rot0 shape=14x16 sum=21731 values=19,15,0,0,0,0,0,0,0,0,0,0,0,0,127,159,8,8,0,0,0,0,0,0,0,0,0,0,127,255,255,113,9,2,0,0,0,0,0,0,0,0,127,255,255,255,232,69,16,0,0,0,0,0,0,0,127,255,255,255,255,255,192,30,13,0,0,0,0,0,127,255,255,255,255,255,255,255,149,3,7,0,0,0,127,255,255,255,255,255,255,255,255,255,102,12,1,0,127,255,255,255,255,255,255,255,255,255,255,223,50,15,127,255,255,255,255,255,255,255,255,255,255,101,13,2,127,255,255,255,255,255,255,255,255,147,2,7,0,0,127,255,255,255,255,255,255,191,30,14,0,0,0,0,127,255,255,255,255,230,68,17,0,0,0,0,0,0,127,255,255,255,113,10,3,0,0,0,0,0,0,0,127,255,160,8,9,0,0,0,0,0,0,0,0,0,101,39,16,0,0,0,0,0,0,0,0,0,0,0,11,1,0,0,0,0,0,0,0,0,0,0,0,0
KERNEL lens_Triangle_r9_rot17 shape=16x16 sum=21792 values=0,0,0,0,7,17,0,0,0,0,0,0,0,0,0,0,0,0,0,1,94,99,14,0,0,0,0,0,0,0,0,0,0,0,0,15,183,255,80,11,0,0,0,0,0,0,0,0,0,0,0,3,255,255,255,62,8,0,0,0,0,0,0,0,0,0,0,68,255,255,255,255,47,5,0,0,0,0,0,0,0,0,12,161,255,255,255,255,255,32,3,0,0,0,0,0,0,0,7,239,255,255,255,255,255,255,18,1,0,0,0,0,0,0,45,255,255,255,255,255,255,255,255,7,1,0,0,0,0,7,137,255,255,255,255,255,255,255,255,252,1,0,0,0,0,13,217,255,255,255,255,255,255,255,255,255,235,8,0,0,0,26,255,255,255,255,255,255,255,255,255,255,255,217,13,0,3,111,255,255,255,255,255,255,255,255,249,190,129,57,6,3,16,196,255,255,255,255,230,171,105,38,3,17,5,0,0,0,10,255,211,152,81,22,10,15,2,0,0,0,0,0,0,0,21,8,14,11,0,0,0,0,0,0,0,0,0,0,0,0,0,0,0,0,0,0,0,0,0,0,0,0,0,0,0,0
KERNEL lens_Triangle_r9_rot45 shape=16x16 sum=21891 values=0,0,0,0,0,0,0,0,0,0,1,13,0,0,0,0,0,0,0,0,0,0,0,0,0,2,230,9,0,0,0,0,0,0,0,0,0,0,0,0,2,251,255,32,0,0,0,0,0,0,0,0,0,0,0,2,251,255,255,110,2,0,0,0,0,0,0,0,0,0,2,251,255,255,255,184,16,0,0,0,0,0,0,0,0,2,251,255,255,255,255,253,1,0,0,0,0,0,0,0,2,251,255,255,255,255,255,255,50,0,0,0,0,0,0,2,251,255,255,255,255,255,255,255,132,6,0,0,0,0,2,251,255,255,255,255,255,255,255,255,202,16,0,0,0,2,251,255,255,255,255,255,255,255,255,255,255,9,0,0,1,230,255,255,255,255,255,255,255,255,255,255,255,70,0,0,13,9,32,110,184,253,255,255,255,255,255,255,255,152,11,0,0,0,0,2,16,1,50,132,202,255,255,255,255,221,13,0,0,0,0,0,0,0,0,6,16,9,70,152,221,255,21,0,0,0,0,0,0,0,0,0,0,0,0,11,13,21,34,1,0,0,0,0,0,0,0,0,0,0,0,0,0,0,1,1
KERNEL lens_Triangle_r9_rot90 shape=16x14 sum=21733 values=19,127,127,127,127,127,127,127,127,127,127,127,127,127,101,11,15,159,255,255,255,255,255,255,255,255,255,255,255,255,39,1,0,8,255,255,255,255,255,255,255,255,255,255,255,160,16,0,0,9,113,255,255,255,255,255,255,255,255,255,255,8,0,0,0,0,9,232,255,255,255,255,255,255,255,255,113,9,0,0,0,0,2,69,255,255,255,255,255,255,255,230,10,0,0,0,0,0,0,16,192,255,255,255,255,255,255,68,3,0,0,0,0,0,0,0,30,255,255,255,255,255,191,17,0,0,0,0,0,0,0,0,13,149,255,255,255,255,30,0,0,0,0,0,0,0,0,0,0,3,255,255,255,147,14,0,0,0,0,0,0,0,0,0,0,7,102,255,255,2,0,0,0,0,0,0,0,0,0,0,0,0,12,223,101,7,0,0,0,0,0,0,0,0,0,0,0,0,1,51,13,0,0,0,0,0,0,0,0,0,0,0,0,0,0,15,2,0,0,0,0,0,0,0
KERNEL lens_Quadrilateral_(4)_r1_rot0 shape=2x2 sum=2 values=1,1,0,0
KERNEL lens_Quadrilateral_(4)_r1_rot17 shape=2x2 sum=42 values=14,0,15,13
KERNEL lens_Quadrilateral_(4)_r1_rot45 shape=2x2 sum=86 values=53,7,8,18
KERNEL lens_Quadrilateral_(4)_r1_rot90 shape=2x2 sum=2 values=1,0,0,1
KERNEL lens_Quadrilateral_(4)_r2_rot0 shape=4x4 sum=1020 values=0,1,1,0,0,255,253,0,0,255,255,0,0,0,0,0
KERNEL lens_Quadrilateral_(4)_r2_rot17 shape=4x4 sum=1056 values=6,2,35,1,53,250,201,16,12,224,174,28,3,34,17,0
KERNEL lens_Quadrilateral_(4)_r2_rot45 shape=4x4 sum=829 values=63,127,41,0,127,255,70,0,41,70,35,0,0,0,0,0
KERNEL lens_Quadrilateral_(4)_r2_rot90 shape=4x4 sum=1021 values=0,1,1,0,0,255,254,1,0,255,253,1,0,0,0,0
KERNEL lens_Quadrilateral_(4)_r5_rot0 shape=10x10 sum=10203 values=0,0,0,0,2,2,0,0,0,0,0,0,0,1,255,252,1,0,0,0,0,0,1,255,255,255,253,1,0,0,0,1,255,255,255,255,255,254,1,0,0,255,255,255,255,255,255,255,254,0,0,255,255,255,255,255,255,255,255,0,0,0,255,255,255,255,255,255,0,0,0,0,0,255,255,255,255,0,0,0,0,0,0,0,255,255,0,0,0,0,0,0,0,0,0,0,0,0,0,0
KERNEL lens_Quadrilateral_(4)_r5_rot17 shape=10x10 sum=9839 values=0,0,0,0,12,17,0,0,0,0,0,0,9,7,144,255,131,11,0,0,7,1,125,255,255,255,255,10,0,0,54,252,255,255,255,255,255,151,13,0,12,222,255,255,255,255,255,255,22,0,2,73,255,255,255,255,255,255,170,13,0,15,207,255,255,255,255,213,62,25,0,1,56,255,255,229,80,14,1,0,0,0,16,187,99,10,3,0,0,0,0,0,0,17,6,0,0,0,0,0
KERNEL lens_Quadrilateral_(4)_r5_rot45 shape=8x8 sum=9500 values=63,127,127,127,127,127,72,8,127,255,255,255,255,255,144,9,127,255,255,255,255,255,144,9,127,255,255,255,255,255,144,9,127,255,255,255,255,255,144,9,127,255,255,255,255,255,144,9,72,144,144,144,144,144,81,9,9,9,9,9,9,9,9,2
KERNEL lens_Quadrilateral_(4)_r5_rot90 shape=10x10 sum=10205 values=0,0,0,0,2,2,0,0,0,0,0,0,0,1,255,252,1,0,0,0,0,0,1,255,255,255,254,0,0,0,0,1,255,255,255,255,255,255,1,0,0,255,255,255,255,255,255,255,255,2,0,255,255,255,255,255,255,255,252,2,0,0,255,255,255,255,255,253,1,0,0,0,0,255,255,255,254,1,0,0,0,0,0,0,255,254,1,0,0,0,0,0,0,0,0,0,0,0,0,0
KERNEL lens_Quadrilateral_(4)_r9_rot0 shape=18x18 sum=36725 values=0,0,0,0,0,0,0,0,2,2,0,0,0,0,0,0,0,0,0,0,0,0,0,0,0,2,255,252,2,0,0,0,0,0,0,0,0,0,0,0,0,0,1,255,255,255,252,1,0,0,0,0,0,0,0,0,0,0,0,1,255,255,255,255,255,253,1,0,0,0,0,0,0,0,0,0,1,255,255,255,255,255,255,255,253,1,0,0,0,0,0,0,0,1,255,255,255,255,255,255,255,255,255,254,1,0,0,0,0,0,1,255,255,255,255,255,255,255,255,255,255,255,254,1,0,0,0,0,255,255,255,255,255,255,255,255,255,255,255,255,255,254,0,0,0,255,255,255,255,255,255,255,255,255,255,255,255,255,255,255,255,0,0,255,255,255,255,255,255,255,255,255,255,255,255,255,255,255,255,0,0,0,255,255,255,255,255,255,255,255,255,255,255,255,255,255,0,0,0,0,0,255,255,255,255,255,255,255,255,255,255,255,255,0,0,0,0,0,0,0,255,255,255,255,255,255,255,255,255,255,0,0,0,0,0,0,0,0,0,255,255,255,255,255,255,255,255,0,0,0,0,0,0,0,0,0,0,0,255,255,255,255,255,255,0,0,0,0,0,0,0,0,0,0,0,0,0,255,255,255,255,0,0,0,0,0,0,0,0,0,0,0,0,0,0,0,255,255,0,0,0,0,0,0,0,0,0,0,0,0,0,0,0,0,0,0,0,0,0,0,0,0,0,0
KERNEL lens_Quadrilateral_(4)_r9_rot17 shape=18x18 sum=35746 values=0,0,0,0,0,0,0,0,0,12,17,0,0,0,0,0,0,0,0,0,0,0,0,0,0,10,7,144,255,130,10,0,0,0,0,0,0,0,0,0,0,7,1,125,255,255,255,255,9,0,0,0,0,0,0,0,0,4,8,106,252,255,255,255,255,255,149,13,0,0,0,0,0,2,13,87,236,255,255,255,255,255,255,255,255,20,0,0,0,0,15,70,220,255,255,255,255,255,255,255,255,255,255,167,15,0,0,0,32,255,255,255,255,255,255,255,255,255,255,255,255,255,34,0,0,0,16,175,255,255,255,255,255,255,255,255,255,255,255,255,184,16,0,0,0,26,255,255,255,255,255,255,255,255,255,255,255,255,255,49,1,0,0,14,157,255,255,255,255,255,255,255,255,255,255,255,255,200,16,0,0,0,14,255,255,255,255,255,255,255,255,255,255,255,255,255,66,2,0,0,12,139,255,255,255,255,255,255,255,255,255,255,255,162,16,10,0,0,0,4,255,255,255,255,255,255,255,255,255,179,29,15,0,0,0,0,0,9,120,255,255,255,255,255,255,195,44,16,0,0,0,0,0,0,0,0,4,247,255,255,255,211,61,16,1,0,0,0,0,0,0,0,0,0,6,101,255,227,78,15,1,0,0,0,0,0,0,0,0,0,0,0,0,10,88,11,3,0,0,0,0,0,0,0,0,0,0,0,0,0,0,5,5,0,0,0,0,0,0,0,0,0,0,0
KERNEL lens_Quadrilateral_(4)_r9_rot45 shape=14x14 sum=34693 values=63,127,127,127,127,127,127,127,127,127,127,127,26,0,127,255,255,255,255,255,255,255,255,255,255,255,41,0,127,255,255,255,255,255,255,255,255,255,255,255,41,0,127,255,255,255,255,255,255,255,255,255,255,255,41,0,127,255,255,255,255,255,255,255,255,255,255,255,41,0,127,255,255,255,255,255,255,255,255,255,255,255,41,0,127,255,255,255,255,255,255,255,255,255,255,255,41,0,127,255,255,255,255,255,255,255,255,255,255,255,41,0,127,255,255,255,255,255,255,255,255,255,255,255,41,0,127,255,255,255,255,255,255,255,255,255,255,255,41,0,127,255,255,255,255,255,255,255,255,255,255,255,41,0,127,255,255,255,255,255,255,255,255,255,255,255,41,0,26,41,41,41,41,41,41,41,41,41,41,41,27,0,0,0,0,0,0,0,0,0,0,0,0,0,0,0
KERNEL lens_Quadrilateral_(4)_r9_rot90 shape=18x18 sum=36727 values=0,0,0,0,0,0,0,0,2,2,0,0,0,0,0,0,0,0,0,0,0,0,0,0,0,2,255,252,1,0,0,0,0,0,0,0,0,0,0,0,0,0,1,255,255,255,253,1,0,0,0,0,0,0,0,0,0,0,0,1,255,255,255,255,255,254,0,0,0,0,0,0,0,0,0,0,1,255,255,255,255,255,255,255,255,0,0,0,0,0,0,0,0,1,255,255,255,255,255,255,255,255,255,255,0,0,0,0,0,0,1,255,255,255,255,255,255,255,255,255,255,255,255,1,0,0,0,0,255,255,255,255,255,255,255,255,255,255,255,255,255,255,1,0,0,255,255,255,255,255,255,255,255,255,255,255,255,255,255,255,255,2,0,255,255,255,255,255,255,255,255,255,255,255,255,255,255,255,252,2,0,0,255,255,255,255,255,255,255,255,255,255,255,255,255,252,2,0,0,0,0,255,255,255,255,255,255,255,255,255,255,255,253,1,0,0,0,0,0,0,255,255,255,255,255,255,255,255,255,253,1,0,0,0,0,0,0,0,0,255,255,255,255,255,255,255,254,1,0,0,0,0,0,0,0,0,0,0,255,255,255,255,255,254,1,0,0,0,0,0,0,0,0,0,0,0,0,255,255,255,254,1,0,0,0,0,0,0,0,0,0,0,0,0,0,0,255,255,0,0,0,0,0,0,0,0,0,0,0,0,0,0,0,0,0,0,0,0,0,0,0,0,0,0
KERNEL lens_Pentagon_(5)_r1_rot0 shape=2x2 sum=94 values=41,10,23,20
KERNEL lens_Pentagon_(5)_r1_rot17 shape=2x2 sum=91 values=44,22,6,19
KERNEL lens_Pentagon_(5)_r1_rot45 shape=2x2 sum=132 values=46,28,28,30
KERNEL lens_Pentagon_(5)_r1_rot90 shape=2x2 sum=95 values=41,23,11,20
KERNEL lens_Pentagon_(5)_r2_rot0 shape=4x4 sum=1261 values=5,51,13,0,120,255,216,21,93,255,168,18,16,8,22,0
KERNEL lens_Pentagon_(5)_r2_rot17 shape=4x4 sum=1262 values=6,116,89,15,52,255,255,6,18,216,174,23,0,20,17,0
KERNEL lens_Pentagon_(5)_r2_rot45 shape=4x4 sum=1311 values=11,94,10,15,57,255,255,27,10,255,255,2,15,27,2,21
KERNEL lens_Pentagon_(5)_r2_rot90 shape=4x4 sum=1262 values=5,120,93,16,51,255,255,8,14,216,168,22,0,21,18,0
KERNEL lens_Pentagon_(5)_r5_rot0 shape=10x10 sum=12016 values=0,0,6,14,25,66,11,0,0,0,12,30,123,211,255,255,30,1,0,0,108,255,255,255,255,255,229,11,0,0,127,255,255,255,255,255,255,155,17,0,127,255,255,255,255,255,255,255,100,1,127,255,255,255,255,255,255,252,2,0,127,255,255,255,255,255,255,51,3,0,50,172,255,255,255,255,128,14,0,0,1,15,0,69,166,204,16,0,0,0,0,0,0,0,14,21,0,0,0,0
KERNEL lens_Pentagon_(5)_r5_rot17 shape=10x10 sum=12001 values=0,13,91,103,109,115,122,36,0,0,0,40,255,255,255,255,255,155,12,0,6,131,255,255,255,255,255,243,6,0,14,212,255,255,255,255,255,255,60,0,21,255,255,255,255,255,255,255,163,14,75,255,255,255,255,255,255,255,203,21,14,53,248,255,255,255,255,135,16,0,0,2,3,169,255,255,65,15,0,0,0,0,0,17,102,10,5,0,0,0,0,0,0,0,2,0,0,0,0,0
KERNEL lens_Pentagon_(5)_r5_rot45 shape=10x10 sum=12080 values=0,0,0,14,87,15,1,0,0,0,0,0,14,213,255,209,64,15,1,0,0,14,213,255,255,255,255,205,57,19,14,213,255,255,255,255,255,255,193,15,75,255,255,255,255,255,255,255,153,10,15,209,255,255,255,255,255,255,106,1,1,64,255,255,255,255,255,255,56,0,0,15,205,255,255,255,255,255,19,0,0,1,57,193,153,106,56,19,20,0,0,0,19,15,10,1,0,0,0,0
KERNEL lens_Pentagon_(5)_r5_rot90 shape=10x10 sum=12014 values=0,12,108,127,127,127,127,50,1,0,0,30,255,255,255,255,255,172,15,0,6,123,255,255,255,255,255,255,0,0,14,211,255,255,255,255,255,255,69,0,25,255,255,255,255,255,255,255,166,14,66,255,255,255,255,255,255,255,204,21,11,30,229,255,255,255,255,127,16,0,0,1,11,155,255,252,51,14,0,0,0,0,0,17,99,2,3,0,0,0,0,0,0,0,1,0,0,0,0,0
KERNEL lens_Pentagon_(5)_r9_rot0 shape=17x18 sum=43180 values=0,0,0,0,0,0,1,14,0,62,9,0,0,0,0,0,0,0,0,0,1,15,3,75,172,255,255,159,17,0,0,0,0,0,1,16,7,83,178,255,255,255,255,255,255,78,7,0,0,0,0,57,184,255,255,255,255,255,255,255,255,255,255,14,0,0,0,0,127,255,255,255,255,255,255,255,255,255,255,255,210,15,0,0,0,127,255,255,255,255,255,255,255,255,255,255,255,255,132,14,0,0,127,255,255,255,255,255,255,255,255,255,255,255,255,255,54,3,0,127,255,255,255,255,255,255,255,255,255,255,255,255,255,255,0,0,127,255,255,255,255,255,255,255,255,255,255,255,255,255,255,197,11,127,255,255,255,255,255,255,255,255,255,255,255,255,255,255,11,0,127,255,255,255,255,255,255,255,255,255,255,255,255,255,74,7,0,127,255,255,255,255,255,255,255,255,255,255,255,255,154,17,0,0,127,255,255,255,255,255,255,255,255,255,255,255,229,11,0,0,0,72,212,255,255,255,255,255,255,255,255,255,255,30,1,0,0,0,6,14,27,118,206,255,255,255,255,255,255,101,11,0,0,0,0,0,0,0,5,15,21,110,200,255,255,182,18,0,0,0,0,0,0,0,0,0,0,0,4,16,17,101,1,0,0,0,0,0,0,0,0,0,0,0,0,0,0,0,3,4,0,0,0,0,0,0
KERNEL lens_Pentagon_(5)_r9_rot17 shape=18x17 sum=43143 values=0,0,6,49,75,81,86,92,97,103,108,114,121,47,1,0,0,0,0,0,14,211,255,255,255,255,255,255,255,255,255,172,16,0,0,0,0,0,20,255,255,255,255,255,255,255,255,255,255,255,2,0,0,0,0,2,102,255,255,255,255,255,255,255,255,255,255,255,82,1,0,0,0,16,188,255,255,255,255,255,255,255,255,255,255,255,181,16,0,0,0,5,255,255,255,255,255,255,255,255,255,255,255,255,255,8,0,0,0,74,255,255,255,255,255,255,255,255,255,255,255,255,255,92,2,0,13,166,255,255,255,255,255,255,255,255,255,255,255,255,255,190,16,0,5,244,255,255,255,255,255,255,255,255,255,255,255,255,255,255,14,0,49,255,255,255,255,255,255,255,255,255,255,255,255,255,255,255,99,3,21,216,255,255,255,255,255,255,255,255,255,255,255,255,255,179,5,2,0,14,132,255,255,255,255,255,255,255,255,255,255,255,106,17,0,0,0,0,14,47,242,255,255,255,255,255,255,255,247,40,11,0,0,0,0,0,0,2,6,162,255,255,255,255,255,183,4,2,0,0,0,0,0,0,0,0,0,16,74,255,255,255,109,18,0,0,0,0,0,0,0,0,0,0,0,0,5,7,212,42,12,0,0,0,0,0,0,0,0,0,0,0,0,0,0,0,16,2,0,0,0,0,0,0,0,0
KERNEL lens_Pentagon_(5)_r9_rot45 shape=18x18 sum=43335 values=0,0,0,0,0,0,16,118,3,7,0,0,0,0,0,0,0,0,0,0,0,0,0,16,120,255,249,111,5,7,0,0,0,0,0,0,0,0,0,0,16,120,255,255,255,255,245,106,6,6,0,0,0,0,0,0,0,16,120,255,255,255,255,255,255,255,241,101,8,5,0,0,0,0,16,120,255,255,255,255,255,255,255,255,255,255,237,95,16,0,0,16,120,255,255,255,255,255,255,255,255,255,255,255,255,255,55,0,16,120,255,255,255,255,255,255,255,255,255,255,255,255,255,255,22,0,80,255,255,255,255,255,255,255,255,255,255,255,255,255,255,250,2,0,3,249,255,255,255,255,255,255,255,255,255,255,255,255,255,209,15,0,7,111,255,255,255,255,255,255,255,255,255,255,255,255,255,169,14,0,0,5,245,255,255,255,255,255,255,255,255,255,255,255,255,126,2,0,0,7,106,255,255,255,255,255,255,255,255,255,255,255,255,75,0,0,0,0,6,241,255,255,255,255,255,255,255,255,255,255,255,32,0,0,0,0,6,101,255,255,255,255,255,255,255,255,255,255,255,4,0,0,0,0,0,8,237,255,255,255,255,255,255,255,255,255,193,11,0,0,0,0,0,5,95,255,255,250,209,169,126,75,32,4,11,13,0,0,0,0,0,0,16,55,22,2,15,14,3,0,0,0,0,0,0,0,0,0,0,0,0,0,0,0,0,0,0,0,0,0,0,0,0,0
KERNEL lens_Pentagon_(5)_r9_rot90 shape=18x17 sum=43178 values=0,0,1,57,127,127,127,127,127,127,127,127,127,72,6,0,0,0,0,0,16,184,255,255,255,255,255,255,255,255,255,212,14,0,0,0,0,0,7,255,255,255,255,255,255,255,255,255,255,255,26,0,0,0,0,1,83,255,255,255,255,255,255,255,255,255,255,255,118,5,0,0,0,15,178,255,255,255,255,255,255,255,255,255,255,255,206,15,0,0,0,3,255,255,255,255,255,255,255,255,255,255,255,255,255,21,0,0,1,75,255,255,255,255,255,255,255,255,255,255,255,255,255,109,4,0,14,172,255,255,255,255,255,255,255,255,255,255,255,255,255,200,16,0,0,255,255,255,255,255,255,255,255,255,255,255,255,255,255,255,17,0,62,255,255,255,255,255,255,255,255,255,255,255,255,255,255,255,101,3,9,159,255,255,255,255,255,255,255,255,255,255,255,255,255,182,1,4,0,17,78,255,255,255,255,255,255,255,255,255,255,255,101,18,0,0,0,0,7,14,210,255,255,255,255,255,255,255,229,30,11,0,0,0,0,0,0,0,15,132,255,255,255,255,255,154,11,1,0,0,0,0,0,0,0,0,0,14,54,255,255,255,74,17,0,0,0,0,0,0,0,0,0,0,0,0,3,0,197,11,7,0,0,0,0,0,0,0,0,0,0,0,0,0,0,0,11,0,0,0,0,0,0,0,0,0
KERNEL lens_Hexagon_(6)_r1_rot0 shape=2x2 sum=175 values=57,56,31,31
KERNEL lens_Hexagon_(6)_r1_rot17 shape=2x2 sum=189 values=69,36,38,46
KERNEL lens_Hexagon_(6)_r1_rot45 shape=2x2 sum=194 values=42,59,60,33
KERNEL lens_Hexagon_(6)_r1_rot90 shape=2x2 sum=175 values=57,31,56,31
KERNEL lens_Hexagon_(6)_r2_rot0 shape=4x4 sum=1488 values=15,102,101,16,104,255,255,104,7,244,244,7,13,4,4,13
KERNEL lens_Hexagon_(6)_r2_rot17 shape=4x4 sum=1536 values=18,126,31,22,91,255,255,11,42,255,255,49,22,21,73,10
KERNEL lens_Hexagon_(6)_r2_rot45 shape=4x4 sum=1554 values=21,47,115,16,47,255,255,60,115,255,255,9,16,59,9,20
KERNEL lens_Hexagon_(6)_r2_rot90 shape=4x4 sum=1489 values=15,104,8,13,101,255,244,4,101,255,245,5,15,104,6,14
KERNEL lens_Hexagon_(6)_r5_rot0 shape=10x10 sum=13291 values=0,1,45,127,127,127,127,42,1,0,0,11,224,255,255,255,255,219,13,0,7,104,255,255,255,255,255,255,100,7,3,255,255,255,255,255,255,255,255,2,112,255,255,255,255,255,255,255,255,112,15,210,255,255,255,255,255,255,210,14,1,46,255,255,255,255,255,255,46,1,0,16,169,255,255,255,255,169,15,0,0,0,27,26,26,26,26,27,0,0,0,0,0,0,0,0,0,0,0,0
KERNEL lens_Hexagon_(6)_r5_rot17 shape=10x10 sum=13464 values=0,0,12,98,46,7,12,0,0,0,0,15,91,255,255,240,162,67,21,0,17,111,255,255,255,255,255,255,31,0,87,255,255,255,255,255,255,255,95,1,48,255,255,255,255,255,255,255,163,13,3,255,255,255,255,255,255,255,223,11,15,203,255,255,255,255,255,255,208,29,7,132,255,255,255,255,255,187,15,0,0,15,36,125,206,255,168,18,0,0,0,0,0,6,16,30,19,0,0,0
KERNEL lens_Hexagon_(6)_r5_rot45 shape=10x10 sum=13388 values=0,0,6,15,10,72,31,2,0,0,0,38,136,206,255,255,255,18,2,0,6,136,255,255,255,255,255,255,19,2,15,206,255,255,255,255,255,255,255,32,10,255,255,255,255,255,255,255,229,10,72,255,255,255,255,255,255,255,160,12,32,255,255,255,255,255,255,255,79,0,2,18,255,255,255,255,255,255,13,0,0,2,19,255,229,160,79,13,21,0,0,0,2,32,10,12,0,0,0,0
KERNEL lens_Hexagon_(6)_r5_rot90 shape=10x10 sum=13294 values=0,0,7,3,112,14,1,0,0,0,1,13,102,255,255,211,48,15,0,0,43,221,255,255,255,255,255,172,27,0,127,255,255,255,255,255,255,255,26,0,127,255,255,255,255,255,255,255,26,0,127,255,255,255,255,255,255,255,26,0,127,255,255,255,255,255,255,255,26,0,43,221,255,255,255,255,255,167,27,0,1,13,102,255,255,209,45,16,0,0,0,0,7,3,112,15,1,0,0,0
KERNEL lens_Hexagon_(6)_r9_rot0 shape=18x16 sum=47559 values=0,0,0,1,45,127,127,127,127,127,127,127,127,42,1,0,0,0,0,0,0,11,225,255,255,255,255,255,255,255,255,218,13,0,0,0,0,0,7,105,255,255,255,255,255,255,255,255,255,255,100,7,0,0,0,0,4,255,255,255,255,255,255,255,255,255,255,255,255,2,0,0,0,13,151,255,255,255,255,255,255,255,255,255,255,255,255,148,13,0,0,32,255,255,255,255,255,255,255,255,255,255,255,255,255,255,30,0,16,194,255,255,255,255,255,255,255,255,255,255,255,255,255,255,193,16,93,255,255,255,255,255,255,255,255,255,255,255,255,255,255,255,255,92,13,255,255,255,255,255,255,255,255,255,255,255,255,255,255,255,255,13,10,122,255,255,255,255,255,255,255,255,255,255,255,255,255,255,122,10,0,8,238,255,255,255,255,255,255,255,255,255,255,255,255,238,7,0,0,4,76,255,255,255,255,255,255,255,255,255,255,255,255,76,3,0,0,0,17,198,255,255,255,255,255,255,255,255,255,255,198,16,0,0,0,0,0,36,255,255,255,255,255,255,255,255,255,255,36,0,0,0,0,0,0,15,157,255,255,255,255,255,255,255,255,157,15,0,0,0,0,0,0,0,25,12,12,12,12,12,12,12,12,25,0,0,0,0
KERNEL lens_Hexagon_(6)_r9_rot17 shape=18x18 sum=47830 values=0,0,0,0,0,15,113,41,9,11,0,0,0,0,0,0,0,0,0,0,0,0,17,112,255,255,233,155,62,0,15,1,0,0,0,0,0,0,0,18,132,255,255,255,255,255,255,255,177,89,10,16,0,0,0,0,18,153,255,255,255,255,255,255,255,255,255,255,227,11,0,0,0,17,173,255,255,255,255,255,255,255,255,255,255,255,255,19,0,0,14,194,255,255,255,255,255,255,255,255,255,255,255,255,255,76,0,0,95,255,255,255,255,255,255,255,255,255,255,255,255,255,255,148,9,0,32,255,255,255,255,255,255,255,255,255,255,255,255,255,255,206,16,0,5,244,255,255,255,255,255,255,255,255,255,255,255,255,255,255,5,0,16,185,255,255,255,255,255,255,255,255,255,255,255,255,255,255,53,0,4,123,255,255,255,255,255,255,255,255,255,255,255,255,255,255,125,4,0,52,255,255,255,255,255,255,255,255,255,255,255,255,255,255,116,15,0,5,255,255,255,255,255,255,255,255,255,255,255,255,255,109,18,0,0,15,206,255,255,255,255,255,255,255,255,255,255,255,89,16,0,0,0,9,87,219,255,255,255,255,255,255,255,255,255,71,13,0,0,0,0,0,8,13,27,113,198,255,255,255,255,255,54,10,0,0,0,0,0,0,0,0,0,3,15,12,87,176,255,38,6,0,0,0,0,0,0,0,0,0,0,0,0,0,1,15,27,4,0,0,0,0,0,0
KERNEL lens_Hexagon_(6)_r9_rot45 shape=18x18 sum=47772 values=0,0,0,0,0,0,0,8,14,14,80,4,1,0,0,0,0,0,0,0,0,4,16,3,59,141,211,255,255,255,2,1,0,0,0,0,0,0,33,120,192,255,255,255,255,255,255,255,255,2,1,0,0,0,0,4,120,255,255,255,255,255,255,255,255,255,255,255,2,1,0,0,0,16,192,255,255,255,255,255,255,255,255,255,255,255,255,2,1,0,0,3,255,255,255,255,255,255,255,255,255,255,255,255,255,255,2,1,0,59,255,255,255,255,255,255,255,255,255,255,255,255,255,255,229,20,8,141,255,255,255,255,255,255,255,255,255,255,255,255,255,255,145,10,14,211,255,255,255,255,255,255,255,255,255,255,255,255,255,255,63,0,14,255,255,255,255,255,255,255,255,255,255,255,255,255,255,255,4,0,80,255,255,255,255,255,255,255,255,255,255,255,255,255,255,195,17,0,2,255,255,255,255,255,255,255,255,255,255,255,255,255,255,124,6,0,1,2,255,255,255,255,255,255,255,255,255,255,255,255,255,43,0,0,0,1,2,255,255,255,255,255,255,255,255,255,255,255,246,4,0,0,0,0,1,2,255,255,255,255,255,255,255,255,255,246,123,16,0,0,0,0,0,1,2,255,255,255,255,255,195,125,43,4,17,2,0,0,0,0,0,0,1,2,229,145,63,4,17,6,0,0,0,0,0,0,0,0,0,0,0,1,21,10,0,0,0,0,0,0,0,0,0,0
KERNEL lens_Hexagon_(6)_r9_rot90 shape=16x18 sum=47560 values=0,0,0,0,0,0,16,93,13,10,0,0,0,0,0,0,0,0,0,0,13,31,194,255,255,122,7,4,0,0,0,0,0,0,7,3,150,255,255,255,255,255,239,78,15,0,0,0,1,12,103,255,255,255,255,255,255,255,255,255,201,38,15,0,44,222,255,255,255,255,255,255,255,255,255,255,255,255,159,25,127,255,255,255,255,255,255,255,255,255,255,255,255,255,255,12,127,255,255,255,255,255,255,255,255,255,255,255,255,255,255,12,127,255,255,255,255,255,255,255,255,255,255,255,255,255,255,12,127,255,255,255,255,255,255,255,255,255,255,255,255,255,255,12,127,255,255,255,255,255,255,255,255,255,255,255,255,255,255,12,127,255,255,255,255,255,255,255,255,255,255,255,255,255,255,12,127,255,255,255,255,255,255,255,255,255,255,255,255,255,255,12,127,255,255,255,255,255,255,255,255,255,255,255,255,255,255,12,43,222,255,255,255,255,255,255,255,255,255,255,255,255,153,25,1,12,103,255,255,255,255,255,255,255,255,255,196,34,15,0,0,0,7,3,150,255,255,255,255,255,236,75,17,0,0,0,0,0,0,0,13,31,194,255,255,121,8,3,0,0,0,0,0,0,0,0,0,0,16,92,13,10,0,0,0,0,0,0
KERNEL lens_Heptagon_(7)_r1_rot0 shape=2x2 sum=212 values=77,36,68,31
KERNEL lens_Heptagon_(7)_r1_rot17 shape=2x2 sum=202 values=44,44,53,61
KERNEL lens_Heptagon_(7)_r1_rot45 shape=2x2 sum=221 values=84,51,51,35
KERNEL lens_Heptagon_(7)_r1_rot90 shape=2x2 sum=212 values=77,68,36,31
KERNEL lens_Heptagon_(7)_r2_rot0 shape=4x4 sum=1611 values=15,132,35,18,113,255,255,21,106,255,255,3,17,99,16,16
KERNEL lens_Heptagon_(7)_r2_rot17 shape=4x4 sum=1616 values=23,50,70,25,47,255,255,33,101,255,255,98,25,39,65,20
KERNEL lens_Heptagon_(7)_r2_rot45 shape=4x4 sum=1646 values=17,135,63,21,111,255,255,78,63,255,255,10,21,78,10,19
KERNEL lens_Heptagon_(7)_r2_rot90 shape=4x4 sum=1611 values=15,113,106,17,132,255,255,100,35,255,255,16,18,20,3,16
KERNEL lens_Heptagon_(7)_r5_rot0 shape=11x10 sum=14228 values=0,0,16,132,47,3,15,11,0,0,0,2,0,202,255,255,255,204,61,3,0,0,30,254,255,255,255,255,255,219,13,0,0,127,255,255,255,255,255,255,255,73,1,0,127,255,255,255,255,255,255,255,218,21,0,127,255,255,255,255,255,255,255,176,16,0,119,255,255,255,255,255,255,255,38,0,0,8,185,255,255,255,255,255,186,17,0,0,0,18,124,255,251,194,135,42,0,0,0,0,0,15,63,2,16,7,0,0,0,0
KERNEL lens_Heptagon_(7)_r5_rot17 shape=10x10 sum=14258 values=0,0,2,16,32,108,15,1,0,0,0,20,89,202,255,255,207,45,15,0,6,126,255,255,255,255,255,255,115,13,15,209,255,255,255,255,255,255,196,16,19,255,255,255,255,255,255,255,235,8,121,255,255,255,255,255,255,255,255,11,2,250,255,255,255,255,255,255,255,51,3,60,255,255,255,255,255,255,44,5,0,15,137,227,246,255,255,61,8,0,0,0,23,11,4,4,30,15,0,0
KERNEL lens_Heptagon_(7)_r5_rot45 shape=10x10 sum=14149 values=0,0,7,118,73,42,17,25,0,0,0,7,239,255,255,255,255,122,11,0,7,239,255,255,255,255,255,255,23,0,112,255,255,255,255,255,255,255,198,16,73,255,255,255,255,255,255,255,255,28,42,255,255,255,255,255,255,255,183,16,17,255,255,255,255,255,255,255,81,1,25,122,255,255,255,255,255,255,1,0,0,11,23,198,255,183,81,2,15,0,0,0,0,16,28,16,1,0,0,0
KERNEL lens_Heptagon_(7)_r5_rot90 shape=10x11 sum=14225 values=0,2,30,127,127,127,119,7,0,0,0,0,254,255,255,255,255,185,18,0,16,202,255,255,255,255,255,255,124,15,132,255,255,255,255,255,255,255,255,63,47,255,255,255,255,255,255,255,251,2,3,255,255,255,255,255,255,255,194,16,15,204,255,255,255,255,255,255,135,6,10,62,219,255,255,255,255,186,42,0,0,3,13,73,218,176,38,17,0,0,0,0,0,1,20,16,0,0,0,0,0,0,0,0,0,0,0,0,0,0
KERNEL lens_Heptagon_(7)_r9_rot0 shape=18x18 sum=50435 values=0,0,0,0,2,3,107,32,6,16,4,0,0,0,0,0,0,0,0,0,0,10,41,255,255,255,243,185,124,54,5,22,0,0,0,0,0,0,16,95,255,255,255,255,255,255,255,255,255,128,12,0,0,0,0,14,155,255,255,255,255,255,255,255,255,255,255,255,9,0,0,0,5,214,255,255,255,255,255,255,255,255,255,255,255,255,135,10,0,0,127,255,255,255,255,255,255,255,255,255,255,255,255,255,255,3,0,0,127,255,255,255,255,255,255,255,255,255,255,255,255,255,255,122,8,0,127,255,255,255,255,255,255,255,255,255,255,255,255,255,255,252,1,0,127,255,255,255,255,255,255,255,255,255,255,255,255,255,255,255,131,4,127,255,255,255,255,255,255,255,255,255,255,255,255,255,255,255,47,0,127,255,255,255,255,255,255,255,255,255,255,255,255,255,255,194,17,0,127,255,255,255,255,255,255,255,255,255,255,255,255,255,255,58,1,0,91,255,255,255,255,255,255,255,255,255,255,255,255,255,205,16,0,0,15,79,255,255,255,255,255,255,255,255,255,255,255,255,68,1,0,0,0,8,29,248,255,255,255,255,255,255,255,255,255,215,14,0,0,0,0,0,1,3,196,255,255,255,255,255,255,206,147,53,3,0,0,0,0,0,0,0,16,136,246,185,123,52,5,16,10,0,0,0,0,0,0,0,0,0,0,15,14,16,4,0,0,0,0,0,0,0,0,0
KERNEL lens_Heptagon_(7)_r9_rot17 shape=18x18 sum=50567 values=0,0,0,0,0,0,0,15,14,129,6,4,0,0,0,0,0,0,0,0,0,0,7,9,62,178,255,255,242,82,15,1,0,0,0,0,0,0,21,19,126,232,255,255,255,255,255,255,205,43,15,0,0,0,0,1,78,255,255,255,255,255,255,255,255,255,255,255,167,13,13,0,0,16,184,255,255,255,255,255,255,255,255,255,255,255,255,232,8,0,0,3,255,255,255,255,255,255,255,255,255,255,255,255,255,255,9,0,0,70,255,255,255,255,255,255,255,255,255,255,255,255,255,255,39,0,13,162,255,255,255,255,255,255,255,255,255,255,255,255,255,255,82,0,6,241,255,255,255,255,255,255,255,255,255,255,255,255,255,255,133,4,47,255,255,255,255,255,255,255,255,255,255,255,255,255,255,255,173,14,107,255,255,255,255,255,255,255,255,255,255,255,255,255,255,255,212,14,17,178,255,255,255,255,255,255,255,255,255,255,255,255,255,255,254,27,0,2,255,255,255,255,255,255,255,255,255,255,255,255,255,255,28,3,0,4,69,255,255,255,255,255,255,255,255,255,255,255,255,45,5,0,0,0,16,162,255,255,255,255,255,255,255,255,255,255,65,8,0,0,0,0,0,4,247,255,255,255,255,255,255,255,255,85,11,0,0,0,0,0,0,2,43,79,103,128,147,166,184,203,104,14,0,0,0,0,0,0,0,0,0,0,0,1,8,13,16,13,22,0,0,0,0,0
KERNEL lens_Heptagon_(7)_r9_rot45 shape=18x18 sum=50591 values=0,0,0,0,16,122,90,56,29,8,6,14,14,9,0,0,0,0,0,0,0,16,107,255,255,255,255,255,242,214,186,28,0,0,0,0,0,0,16,107,255,255,255,255,255,255,255,255,255,207,15,0,0,0,0,16,107,255,255,255,255,255,255,255,255,255,255,255,100,7,0,0,16,107,255,255,255,255,255,255,255,255,255,255,255,255,255,9,0,0,81,255,255,255,255,255,255,255,255,255,255,255,255,255,255,176,16,0,90,255,255,255,255,255,255,255,255,255,255,255,255,255,255,255,66,3,56,255,255,255,255,255,255,255,255,255,255,255,255,255,255,255,241,23,29,255,255,255,255,255,255,255,255,255,255,255,255,255,255,255,147,10,8,255,255,255,255,255,255,255,255,255,255,255,255,255,255,255,43,0,6,242,255,255,255,255,255,255,255,255,255,255,255,255,255,223,12,0,14,214,255,255,255,255,255,255,255,255,255,255,255,255,255,130,8,0,14,186,255,255,255,255,255,255,255,255,255,255,255,255,255,30,0,0,9,28,207,255,255,255,255,255,255,255,255,255,255,255,209,15,0,0,0,0,15,100,255,255,255,255,255,255,255,255,255,209,72,5,0,0,0,0,0,7,9,176,255,255,255,255,223,130,30,15,6,0,0,0,0,0,0,0,0,16,66,241,147,43,12,8,0,0,0,0,0,0,0,0,0,0,0,0,3,23,10,0,0,0,0,0,0,0,0,0
KERNEL lens_Heptagon_(7)_r9_rot90 shape=18x18 sum=50437 values=0,0,0,0,5,127,127,127,127,127,127,127,90,15,0,0,0,0,0,0,0,14,214,255,255,255,255,255,255,255,255,79,8,0,0,0,0,0,16,155,255,255,255,255,255,255,255,255,255,255,29,1,0,0,0,10,95,255,255,255,255,255,255,255,255,255,255,255,248,3,0,0,2,41,255,255,255,255,255,255,255,255,255,255,255,255,255,196,16,0,3,255,255,255,255,255,255,255,255,255,255,255,255,255,255,255,136,15,107,255,255,255,255,255,255,255,255,255,255,255,255,255,255,255,246,15,32,255,255,255,255,255,255,255,255,255,255,255,255,255,255,255,185,16,6,243,255,255,255,255,255,255,255,255,255,255,255,255,255,255,123,4,16,185,255,255,255,255,255,255,255,255,255,255,255,255,255,255,52,0,4,124,255,255,255,255,255,255,255,255,255,255,255,255,255,255,5,0,0,54,255,255,255,255,255,255,255,255,255,255,255,255,255,206,16,0,0,5,255,255,255,255,255,255,255,255,255,255,255,255,255,147,10,0,0,22,128,255,255,255,255,255,255,255,255,255,255,255,215,53,0,0,0,0,12,9,135,255,255,255,255,255,255,255,205,68,14,3,0,0,0,0,0,0,10,3,123,252,255,255,194,58,16,1,0,0,0,0,0,0,0,0,0,0,8,1,132,47,17,1,0,0,0,0,0,0,0,0,0,0,0,0,0,0,4,0,0,0,0,0,0,0,0,0
KERNEL lens_Octagon_(8)_r1_rot0 shape=2x2 sum=181 values=46,45,45,45
KERNEL lens_Octagon_(8)_r1_rot17 shape=2x2 sum=251 values=76,61,63,51
KERNEL lens_Octagon_(8)_r1_rot45 shape=2x2 sum=183 values=46,47,45,45
KERNEL lens_Octagon_(8)_r1_rot90 shape=2x2 sum=183 values=46,47,45,45
KERNEL lens_Octagon_(8)_r2_rot0 shape=4x4 sum=1580 values=26,61,56,26,57,255,255,57,57,255,255,55,26,56,56,27
KERNEL lens_Octagon_(8)_r2_rot17 shape=4x4 sum=1772 values=24,82,128,29,139,255,255,32,77,255,255,78,22,84,39,18
KERNEL lens_Octagon_(8)_r2_rot45 shape=4x4 sum=1582 values=26,61,56,26,57,255,255,60,57,255,255,55,26,56,55,27
KERNEL lens_Octagon_(8)_r2_rot90 shape=4x4 sum=1583 values=26,61,56,26,57,255,255,60,57,255,255,55,26,56,56,27
KERNEL lens_Octagon_(8)_r5_rot0 shape=10x10 sum=14617 values=0,0,5,11,63,58,11,5,0,0,0,25,114,227,255,255,225,112,25,0,5,113,255,255,255,255,255,255,110,5,11,226,255,255,255,255,255,255,224,12,60,255,255,255,255,255,255,255,255,59,60,255,255,255,255,255,255,255,255,59,11,225,255,255,255,255,255,255,224,12,5,112,255,255,255,255,255,255,109,5,0,25,110,224,255,255,224,109,25,0,0,0,5,12,59,59,12,5,0,0
KERNEL lens_Octagon_(8)_r5_rot17 shape=10x10 sum=14892 values=0,2,34,46,72,103,78,12,0,0,0,2,255,255,255,255,255,105,17,0,14,213,255,255,255,255,255,255,130,19,139,255,255,255,255,255,255,255,203,15,89,255,255,255,255,255,255,255,228,11,60,255,255,255,255,255,255,255,253,1,30,255,255,255,255,255,255,255,225,24,30,135,255,255,255,255,255,255,2,0,0,16,84,255,242,216,191,33,2,0,0,0,9,33,6,14,15,9,0,0
KERNEL lens_Octagon_(8)_r5_rot45 shape=10x10 sum=14620 values=0,0,5,11,63,58,11,5,0,0,0,25,114,227,255,255,225,112,25,0,5,113,255,255,255,255,255,255,111,5,11,226,255,255,255,255,255,255,225,11,60,255,255,255,255,255,255,255,255,63,60,255,255,255,255,255,255,255,255,58,11,225,255,255,255,255,255,255,223,12,5,112,255,255,255,255,255,255,109,5,0,25,110,224,255,255,224,109,25,0,0,0,5,12,59,59,12,5,0,0
KERNEL lens_Octagon_(8)_r5_rot90 shape=10x10 sum=14620 values=0,0,5,11,63,58,11,5,0,0,0,25,114,227,255,255,225,112,25,0,5,113,255,255,255,255,255,255,111,5,11,226,255,255,255,255,255,255,225,11,60,255,255,255,255,255,255,255,255,63,60,255,255,255,255,255,255,255,255,58,11,225,255,255,255,255,255,255,223,12,5,112,255,255,255,255,255,255,109,5,0,25,110,224,255,255,224,109,25,0,0,0,5,12,59,59,12,5,0,0
KERNEL lens_Octagon_(8)_r9_rot0 shape=18x18 sum=52078 values=0,0,0,0,0,0,5,11,63,58,12,5,0,0,0,0,0,0,0,0,0,0,13,8,113,227,255,255,224,110,7,13,0,0,0,0,0,0,23,40,166,255,255,255,255,255,255,255,255,164,39,23,0,0,0,0,40,255,255,255,255,255,255,255,255,255,255,255,255,38,0,0,0,13,165,255,255,255,255,255,255,255,255,255,255,255,255,162,13,0,0,8,255,255,255,255,255,255,255,255,255,255,255,255,255,255,7,0,5,112,255,255,255,255,255,255,255,255,255,255,255,255,255,255,110,5,11,225,255,255,255,255,255,255,255,255,255,255,255,255,255,255,224,12,60,255,255,255,255,255,255,255,255,255,255,255,255,255,255,255,255,59,60,255,255,255,255,255,255,255,255,255,255,255,255,255,255,255,255,59,11,225,255,255,255,255,255,255,255,255,255,255,255,255,255,255,224,12,5,111,255,255,255,255,255,255,255,255,255,255,255,255,255,255,110,5,0,8,255,255,255,255,255,255,255,255,255,255,255,255,255,255,6,0,0,13,164,255,255,255,255,255,255,255,255,255,255,255,255,161,13,0,0,0,39,255,255,255,255,255,255,255,255,255,255,255,255,36,0,0,0,0,23,37,162,255,255,255,255,255,255,255,255,161,37,24,0,0,0,0,0,0,13,7,110,224,255,255,224,110,6,13,0,0,0,0,0,0,0,0,0,0,5,12,59,59,12,5,0,0,0,0,0,0
KERNEL lens_Octagon_(8)_r9_rot17 shape=18x18 sum=52348 values=0,0,0,0,22,5,7,23,45,71,102,78,12,0,0,0,0,0,0,0,0,15,191,243,255,255,255,255,255,255,103,17,0,0,0,0,0,0,17,158,255,255,255,255,255,255,255,255,255,155,15,0,0,0,0,12,105,255,255,255,255,255,255,255,255,255,255,255,207,1,1,0,5,57,255,255,255,255,255,255,255,255,255,255,255,255,255,252,28,0,23,255,255,255,255,255,255,255,255,255,255,255,255,255,255,255,26,0,109,255,255,255,255,255,255,255,255,255,255,255,255,255,255,255,48,0,77,255,255,255,255,255,255,255,255,255,255,255,255,255,255,255,75,0,50,255,255,255,255,255,255,255,255,255,255,255,255,255,255,255,108,0,27,255,255,255,255,255,255,255,255,255,255,255,255,255,255,255,137,6,10,255,255,255,255,255,255,255,255,255,255,255,255,255,255,255,161,14,3,248,255,255,255,255,255,255,255,255,255,255,255,255,255,255,131,11,18,230,255,255,255,255,255,255,255,255,255,255,255,255,255,164,18,0,2,3,216,255,255,255,255,255,255,255,255,255,255,255,214,14,0,0,0,0,14,166,255,255,255,255,255,255,255,255,255,255,2,0,0,0,0,0,0,18,114,255,255,255,255,255,255,255,255,33,2,0,0,0,0,0,0,0,14,69,166,142,115,81,54,30,22,10,0,0,0,0,0,0,0,0,0,7,15,8,1,0,0,0,0,0,0,0,0,0
KERNEL lens_Octagon_(8)_r9_rot45 shape=18x19 sum=52082 values=0,0,0,0,0,0,5,11,63,58,12,5,0,0,0,0,0,0,0,0,0,0,13,8,113,227,255,255,224,110,7,13,0,0,0,0,0,0,23,40,166,255,255,255,255,255,255,255,255,164,39,23,0,0,0,0,40,255,255,255,255,255,255,255,255,255,255,255,255,38,0,0,0,13,165,255,255,255,255,255,255,255,255,255,255,255,255,163,13,0,0,8,255,255,255,255,255,255,255,255,255,255,255,255,255,255,7,0,5,112,255,255,255,255,255,255,255,255,255,255,255,255,255,255,111,5,11,225,255,255,255,255,255,255,255,255,255,255,255,255,255,255,226,11,60,255,255,255,255,255,255,255,255,255,255,255,255,255,255,255,255,63,60,255,255,255,255,255,255,255,255,255,255,255,255,255,255,255,255,58,11,225,255,255,255,255,255,255,255,255,255,255,255,255,255,255,223,12,5,111,255,255,255,255,255,255,255,255,255,255,255,255,255,255,109,5,0,8,255,255,255,255,255,255,255,255,255,255,255,255,255,255,6,0,0,13,164,255,255,255,255,255,255,255,255,255,255,255,255,161,13,0,0,0,39,255,255,255,255,255,255,255,255,255,255,255,255,37,0,0,0,0,23,37,162,255,255,255,255,255,255,255,255,161,36,24,0,0,0,0,0,0,13,7,110,224,255,255,224,110,6,13,0,0,0,0,0,0,0,0,0,0,5,12,59,59,12,5,0,0,0,0,0,0,0,0,0,0,0,0,0,0,0,0,0,0,0,0,0,0,0,0
KERNEL lens_Octagon_(8)_r9_rot90 shape=18x18 sum=52082 values=0,0,0,0,0,0,5,11,63,58,12,5,0,0,0,0,0,0,0,0,0,0,13,8,113,227,255,255,224,110,7,13,0,0,0,0,0,0,23,40,166,255,255,255,255,255,255,255,255,164,39,23,0,0,0,0,40,255,255,255,255,255,255,255,255,255,255,255,255,38,0,0,0,13,165,255,255,255,255,255,255,255,255,255,255,255,255,163,13,0,0,8,255,255,255,255,255,255,255,255,255,255,255,255,255,255,7,0,5,112,255,255,255,255,255,255,255,255,255,255,255,255,255,255,111,5,11,225,255,255,255,255,255,255,255,255,255,255,255,255,255,255,226,11,60,255,255,255,255,255,255,255,255,255,255,255,255,255,255,255,255,63,60,255,255,255,255,255,255,255,255,255,255,255,255,255,255,255,255,58,11,225,255,255,255,255,255,255,255,255,255,255,255,255,255,255,223,12,5,111,255,255,255,255,255,255,255,255,255,255,255,255,255,255,109,5,0,8,255,255,255,255,255,255,255,255,255,255,255,255,255,255,6,0,0,13,164,255,255,255,255,255,255,255,255,255,255,255,255,161,13,0,0,0,39,255,255,255,255,255,255,255,255,255,255,255,255,36,0,0,0,0,23,37,162,255,255,255,255,255,255,255,255,161,37,24,0,0,0,0,0,0,13,7,110,224,255,255,224,110,6,13,0,0,0,0,0,0,0,0,0,0,5,12,59,59,12,5,0,0,0,0,0,0
